1082.968351
1082.968360
1083.071634
1083.175498
1083.175507
1083.389262
1083.389268
1083.494240
1083.598475
1083.600209
1083.600228
1083.600236
1083.601295
1083.604431
1083.604451
1083.606395
1083.606599
1083.606631
1083.701578
1083.703233
1083.703249
1083.704327
1083.707079
1083.708624
1083.709776
1083.711332
1083.714179
1083.715319
1083.717377
1083.720137
1083.762853
1083.808036
1083.808059
1083.808068
1083.809096
1083.809107
1083.811921
1083.811940
1083.813559
1083.813577
1083.814850
1083.814869
1083.816789
1083.816802
1083.818090
1083.819720
1083.820786
1083.820812
1083.823882
1083.823902
1083.823909
1083.825581
1083.827130
1083.827153
1083.828709
1083.828719
1083.829866
1083.831432
1083.832485
1083.832501
1083.835333
1083.835351
1083.836393
1083.836409
1083.839094
1083.839113
1083.840147
1083.842354
1083.864556
1083.867622
1083.910144
1083.911866
1083.913684
1083.914811
1083.914832
1083.914843
1083.915902
1083.917676
1083.918943
1083.918962
1083.921773
1083.921793
1083.923610
1083.923626
1083.924658
1083.924671
1083.927562
1083.927578
1083.928578
1083.929681
1083.931451
1083.931469
1083.932484
1083.932497
1083.933577
1083.935227
1083.936502
1083.936515
1083.939190
1083.939210
1083.940226
1083.940354
1083.943370
1083.943390
1083.943400
1083.944441
1083.946016
1083.947929
1083.949214
1083.949235
1083.950854
1083.952318
1083.952332
1083.953527
1083.953549
1083.954794
1083.956671
1083.956685
1083.957822
1083.958901
1083.960018
1083.962270
1083.962280
1083.964669
1083.964683
1083.964692
1083.965791
1083.967469
1083.968675
1083.968687
1083.970363
1083.972466
1083.973582
1083.973604
1083.975403
1083.975420
1083.976477
1083.976492
1083.979229
1083.979247
1083.980421
1083.980432
1083.982829
1083.982845
1083.984172
1083.985995
1083.988107
1083.988126
1083.989197
1083.989209
1084.012804
1084.012820
1084.015488
1084.015510
1084.015521
1084.016604
1084.019057
1084.019073
1084.020173
1084.021499
1084.021517
1084.024249
1084.025349
1084.025375
1084.026787
1084.026806
1084.029174
1084.029196
1084.031036
1084.032117
1084.032342
1084.032347
1084.033499
1084.034784
1084.037714
1084.037740
1084.038975
1084.038994
1084.040667
1084.041929
1084.041948
1084.043586
1084.044601
1084.045736
1084.045759
1084.047640
1084.048754
1084.048774
1084.050100
1084.052167
1084.052184
1084.053425
1084.053439
1084.055628
1084.055651
1084.056736
1084.058229
1084.060175
1084.060200
1084.062364
1084.062382
1084.063760
1084.063776
1084.065445
1084.065458
1084.066720
1084.068892
1084.068905
1084.069987
1084.072172
1084.072204
1084.073570
1084.073593
1084.076694
1084.077813
1084.077836
1084.077839
1084.078946
1084.081923
1084.081941
1084.081945
1084.083494
1084.084562
1084.084576
1084.087508
1084.087533
1084.088731
1084.088744
1084.089870
1084.091881
1084.091894
1084.093345
1084.094613
1084.096423
1084.096443
1084.098404
1084.099467
1084.099489
1084.099623
1084.100719
1084.102232
1084.104356
1084.104375
1084.106159
1084.106181
1084.108126
1084.109189
1084.110922
1084.110946
1084.112478
1084.112491
1084.112498
1084.113625
1084.116036
1084.116058
1084.117907
1084.118995
1084.119018
1084.120837
1084.121903
1084.124662
1084.124680
1084.124683
1084.125741
1084.125755
1084.128692
1084.128710
1084.128717
1084.130435
1084.131697
1084.131716
1084.133364
1084.134624
1084.134642
1084.136427
1084.137428
1084.138604
1084.138627
1084.140278
1084.141558
1084.141578
1084.142767
1084.144663
1084.144676
1084.146060
1084.147923
1084.149487
1084.149497
1084.149513
1084.151031
1084.152095
1084.153717
1084.154939
1084.154956
1084.156093
1084.157770
1084.159815
1084.160884
1084.160910
1084.160914
1084.163706
1084.163730
1084.163733
1084.165721
1084.167530
1084.167554
1084.168745
1084.168757
1084.169889
1084.171895
1084.171907
1084.175247
1084.175260
1084.175270
1084.175275
1084.178644
1084.178656
1084.178660
1084.180235
1084.181500
1084.181515
1084.182782
1084.184573
1084.186132
1084.189289
1084.191083
1084.192161
1084.194951
1084.196037
1084.198861
1084.200245
1084.201807
1084.204612
1084.204630
1084.205675
1084.207568
1084.208835
1084.208846
1084.211588
1084.212605
1084.212619
1084.213793
1084.213809
1084.215518
1084.216582
1084.216594
1084.219387
1084.219405
1084.220452
1084.221614
1084.221634
1084.223273
1084.224482
1084.224494
1084.226344
1084.228181
1084.229290
1084.229312
1084.231105
1084.232711
1084.232727
1084.234010
1084.235028
1084.235046
1084.236278
1084.239755
1084.239778
1084.239782
1084.240951
1084.242111
1084.242131
1084.244656
1084.244674
1084.244677
1084.245946
1084.247558
1084.248755
1084.248765
1084.249986
1084.251634
1084.252746
1084.252760
1084.255481
1084.255498
1084.256539
1084.256555
1084.258661
1084.258680
1084.261413
1084.261439
1084.262982
1084.264334
1084.264351
1084.265518
1084.266761
1084.266773
1084.270175
1084.270192
1084.271233
1084.271254
1084.271421
1084.272437
1084.273696
1084.274981
1084.276064
1084.278022
1084.279824
1084.279847
1084.281018
1084.282430
1084.282441
1084.283445
1084.283457
1084.284599
1084.286289
1084.287316
1084.288493
1084.288503
1084.290785
1084.290810
1084.292594
1084.295539
1084.295553
1084.295557
1084.296691
1084.296702
1084.298620
1084.298631
1084.300417
1084.301433
1084.303280
1084.303298
1084.304477
1084.304491
1084.306889
1084.306910
1084.308598
1084.308609
1084.310107
1084.311916
1084.313000
1084.313023
1084.314294
1084.316038
1084.318003
1084.318022
1084.319081
1084.319113
1084.321085
1084.321097
1084.322489
1084.322497
1084.323753
1084.324789
1084.326281
1084.329510
1084.329525
1084.329528
1084.331105
1084.331120
1084.331335
1084.333734
1084.333750
1084.335040
1084.336076
1084.338183
1084.339958
1084.339974
1084.340984
1084.341006
1084.342702
1084.344853
1084.345814
1084.345819
1084.346924
1084.346937
1084.349628
1084.349649
1084.352616
1084.353651
1084.354721
1084.362550
1084.363646
1084.363657
1084.363667
1084.366275
1084.366295
1084.369305
1084.372144
1084.379692
1084.380761
1084.380774
1084.380781
1084.380786
1084.384449
1084.384463
1084.388552
1084.388567
1084.390592
1084.393710
1084.396401
1084.398438
1084.400610
1084.401802
1084.404483
1084.404502
1084.408107
1084.414019
1084.414035
1084.414044
1084.418269
1084.418291
1084.418297
1084.422537
1084.423762
1084.431054
1084.431075
1084.431083
1084.431093
1084.432930
1084.434474
1084.436603
1084.438853
1084.441366
1084.443916
1084.446188
1084.448262
1084.450005
1084.451452
1084.456055
1084.456083
1084.459012
1084.463792
1084.463810
1084.463816
1084.464954
1084.469702
1084.469720
1084.470801
1084.474417
1084.481240
1084.481265
1084.481273
1084.481280
1084.483848
1084.485166
1084.486533
1084.489239
1084.492121
1084.493437
1084.494895
1084.498531
1084.499701
1084.501810
1084.503331
1084.505677
1084.507648
1084.509560
1084.513434
1084.513462
1084.514721
1084.519528
1084.519546
1084.520630
1084.523413
1084.526129
1084.528155
1084.529229
1084.531080
1084.532521
1084.533838
1084.533855
1084.535009
1084.536142
1084.536358
1084.538038
1084.539105
1084.540392
1084.541927
1084.541944
1084.543622
1084.544632
1084.544642
1084.545864
1084.547668
1084.549761
1084.549777
1084.550780
1084.550802
1084.552720
1084.554686
1084.555730
1084.555749
1084.555753
1084.557598
1084.558666
1084.558691
1084.561666
1084.561685
1084.563472
1084.563488
1084.564534
1084.564550
1084.566244
1084.568171
1084.568192
1084.570333
1084.570352
1084.572120
1084.572143
1084.573835
1084.573853
1084.576160
1084.576179
1084.577239
1084.577392
1084.578999
1084.580054
1084.581917
1084.583686
1084.583702
1084.584888
1084.584909
1084.585963
1084.589742
1084.589757
1084.589761
1084.590805
1084.592659
1084.592678
1084.594567
1084.595639
1084.595664
1084.595668
1084.597634
1084.598699
1084.598724
1084.601696
1084.601720
1084.601727
1084.604125
1084.605374
1084.605383
1084.605386
1084.606783
1084.608435
1084.608451
1084.611768
1084.611782
1084.611786
1084.612969
1084.615306
1084.615326
1084.616491
1084.618006
1084.618023
1084.621908
1084.621926
1084.621933
1084.623566
1084.624801
1084.624813
1084.624816
1084.626019
1084.629783
1084.629800
1084.631772
1084.631794
1084.631798
1084.633062
1084.633076
1084.636788
1084.636811
1084.636814
1084.637855
1084.639692
1084.639714
1084.641640
1084.643693
1084.643711
1084.645573
1084.646638
1084.646655
1084.646658
1084.646664
1084.650412
1084.650436
1084.652383
1084.652409
1084.652412
1084.653684
1084.653697
1084.656486
1084.656505
1084.656508
1084.659893
1084.659912
1084.659915
1084.662812
1084.662833
1084.663913
1084.665101
1084.665113
1084.668822
1084.668841
1084.668844
1084.670770
1084.673766
1084.673787
1084.673790
1084.673798
1084.675838
1084.675854
1084.676901
1084.676925
1084.680502
1084.680518
1084.681577
1084.681605
1084.683460
1084.683478
1084.685535
1084.685548
1084.685551
1084.688544
1084.690486
1084.690504
1084.692459
1084.692483
1084.693681
1084.695325
1084.695345
1084.696546
1084.696560
1084.696563
1084.699786
1084.699801
1084.699806
1084.701543
1084.701554
1084.703956
1084.703976
1084.705771
1084.707795
1084.707812
1084.708839
1084.710121
1084.710152
1084.711868
1084.713949
1084.715148
1084.715161
1084.715163
1084.719230
1084.719240
1084.719244
1084.720337
1084.720344
1084.721440
1084.722733
1084.722756
1084.724662
1084.724678
1084.727818
1084.727841
1084.730763
1084.730786
1084.732908
1084.732931
1084.734873
1084.734891
1084.736805
1084.736830
1084.736834
1084.738009
1084.738028
1084.741724
1084.742779
1084.742799
1084.744668
1084.744689
1084.746615
1084.746642
1084.747802
1084.747818
1084.747821
1084.751475
1084.751494
1084.752550
1084.752569
1084.754462
1084.754483
1084.756139
1084.758311
1084.758330
1084.759436
1084.759462
1084.760551
1084.760561
1084.763823
1084.764874
1084.764885
1084.764889
1084.766077
1084.769778
1084.769799
1084.770858
1084.770886
1084.772842
1084.772865
1084.774799
1084.775844
1084.775855
1084.777585
1084.777608
1084.778901
1084.780724
1084.780746
1084.782783
1084.782801
1084.783832
1084.787487
1084.787502
1084.787504
1084.788533
1084.788546
1084.792507
1084.792529
1084.793570
1084.793586
1084.793590
1084.793595
1084.796576
1084.798392
1084.798407
1084.798410
1084.800065
1084.801193
1084.801215
1084.804056
1084.804077
1084.804081
1084.806849
1084.808906
1084.808920
1084.809981
1084.810008
1084.810011
1084.811860
1084.815794
1084.815813
1084.815816
1084.815823
1084.816866
1084.816887
1084.820871
1084.820889
1084.822719
1084.822745
1084.822752
1084.823992
1084.824007
1084.826923
1084.826933
1084.827970
1084.829101
1084.829111
1084.830811
1084.832452
1084.832475
1084.833852
1084.833870
1084.836572
1084.836592
1084.840008
1084.840034
1084.840037
1084.841596
1084.841608
1084.844274
1084.844296
1084.844299
1084.847821
1084.847838
1084.848866
1084.848881
1084.850114
1084.851734
1084.851757
1084.855779
1084.855798
1084.855801
1084.856849
1084.856867
1084.858891
1084.860857
1084.860872
1084.860875
1084.862821
1084.863886
1084.863902
1084.865745
1084.865764
1084.867449
1084.867465
1084.870496
1084.870521
1084.872459
1084.872484
1084.872488
1084.873756
1084.873769
1084.876725
1084.876742
1084.878429
1084.880062
1084.880081
1084.880084
1084.881619
1084.881631
1084.884275
1084.884295
1084.885890
1084.887904
1084.887921
1084.890750
1084.890774
1084.890777
1084.892128
1084.892143
1084.893744
1084.893770
1084.895439
1084.896619
1084.896629
1084.899870
1084.901750
1084.901769
1084.901778
1084.903706
1084.904981
1084.904992
1084.904995
1084.908733
1084.908747
1084.908750
1084.910487
1084.910509
1084.912711
1084.913712
1084.913718
1084.915377
1084.915401
1084.916662
1084.916679
1084.920012
1084.920037
1084.920040
1084.921588
1084.921600
1084.924422
1084.924439
1084.926029
1084.927963
1084.928995
1084.929013
1084.930942
1084.930961
1084.932395
1084.932408
1084.933437
1084.933450
1084.935576
1084.936752
1084.936763
1084.939689
1084.940697
1084.940707
1084.942871
1084.946672
1084.946691
1084.946694
1084.947730
1084.947739
1084.947742
1084.948904
1084.948915
1084.950967
1084.950980
1084.953220
1084.953232
1084.956170
1084.956195
1084.957644
1084.957661
1084.957664
1084.959465
1084.959474
1084.962021
1084.962043
1084.963785
1084.963800
1084.964954
1084.967867
1084.967887
1084.969450
1084.969463
1084.969467
1084.972118
1084.972138
1084.974764
1084.974787
1084.976332
1084.978596
1084.978613
1084.979669
1084.979696
1084.979699
1084.983631
1084.983650
1084.984679
1084.984691
1084.986520
1084.986541
1084.988413
1084.989488
1084.989531
1084.991411
1084.992563
1084.992574
1084.994314
1084.998181
1084.998196
1084.998199
1084.998207
1084.998209
1084.999417
1085.000602
1085.000617
1085.003609
1085.003628
1085.006011
1085.006034
1085.006037
1085.009119
1085.009134
1085.010850
1085.010864
1085.011917
1085.011943
1085.014961
1085.014980
1085.014983
1085.017720
1085.017744
1085.017747
1085.020684
1085.020699
1085.021711
1085.021731
1085.023581
1085.024620
1085.026543
1085.026561
1085.028363
1085.029630
1085.029647
1085.029650
1085.032504
1085.032521
1085.035247
1085.035267
1085.035269
1085.035278
1085.038082
1085.038107
1085.039334
1085.040441
1085.040451
1085.042748
1085.044549
1085.044558
1085.049177
1085.049199
1085.049202
1085.049208
1085.049210
1085.052202
1085.052215
1085.052220
1085.053393
1085.054432
1085.055488
1085.055499
1085.056584
1085.059763
1085.059778
1085.061748
1085.063044
1085.063071
1085.063074
1085.064939
1085.064950
1085.066432
1085.067985
1085.068000
1085.069147
1085.072026
1085.073707
1085.074980
1085.077636
1085.079749
1085.081516
1085.082766
1085.085614
1085.088582
1085.091266
1085.091353
1085.092655
1085.095376
1085.096463
1085.099132
1085.102047
1085.103118
1085.104413
1085.107957
1085.109855
1085.113821
1085.113841
1085.115229
1085.117682
1085.118751
1085.122778
1085.122800
1085.126404
1085.127711
1085.130355
1085.131425
1085.132682
1085.135447
1085.136545
1085.139294
1085.140548
1085.143202
1085.147581
1085.147599
1085.148747
1085.151823
1085.155667
1085.155692
1085.157668
1085.158885
1085.161779
1085.163481
1085.165829
1085.167589
1085.168653
1085.172521
1085.172540
1085.175425
1085.178178
1085.179249
1085.182095
1085.183166
1085.186052
1085.187902
1085.189286
1085.190876
1085.192509
1085.194992
1085.198725
1085.199800
1085.202797
1085.202818
1085.207474
1085.207499
1085.208742
1085.211569
1085.212639
1085.215355
1085.216561
1085.219302
1085.222148
1085.223217
1085.226385
1085.228251
1085.230002
1085.232142
1085.233856
1085.236182
1085.237718
1085.240875
1085.242774
1085.244802
1085.245847
1085.249710
1085.251660
1085.251683
1085.252839
1085.255709
1085.256831
1085.258886
1085.262147
1085.263242
1085.266039
1085.267946
1085.269228
1085.272241
1085.272262
1085.276163
1085.278807
1085.280808
1085.282777
1085.284768
1085.285934
1085.288795
1085.288815
1085.292640
1085.293880
1085.296657
1085.300492
1085.302442
1085.302462
1085.303494
1085.306311
1085.308300
1085.309935
1085.311357
1085.312488
1085.316165
1085.317731
1085.320801
1085.322748
1085.324784
1085.325826
1085.328883
1085.330705
1085.332507
1085.334016
1085.335598
1085.339239
1085.339259
1085.341820
1085.343532
1085.349114
1085.349136
1085.350750
1085.351812
1085.355775
1085.357627
1085.358739
1085.360033
1085.361137
1085.363265
1085.367153
1085.367307
1085.368396
1085.371439
1085.380557
1085.381615
1085.381629
1085.381635
1085.381643
1085.384383
1085.385511
1085.387329
1085.388577
1085.392613
1085.393881
1085.398092
1085.399135
1085.401405
1085.401429
1085.405525
1085.405546
1085.408759
1085.410212
1085.411638
1085.413707
1085.415649
1085.417824
1085.418892
1085.422434
1085.423633
1085.431727
1085.431745
1085.431751
1085.431757
1085.434515
1085.435840
1085.437418
1085.438695
1085.441406
1085.444344
1085.445410
1085.449396
1085.449425
1085.452667
1085.452687
1085.455406
1085.456558
1085.459111
1085.461938
1085.465750
1085.465775
1085.468872
1085.468890
1085.471249
1085.473425
1085.481766
1085.481784
1085.481790
1085.481796
1085.483318
1085.485715
1085.487224
1085.488469
1085.491118
1085.493486
1085.496164
1085.499949
1085.499968
1085.501026
1085.505081
1085.506854
1085.508774
1085.509847
1085.512759
1085.513822
1085.515644
1085.516779
1085.519323
1085.520987
1085.523614
1085.524703
1085.528225
1085.529505
1085.531133
1085.532341
1085.536148
1085.537246
1085.538986
1085.540469
1085.544225
1085.547730
1085.547754
1085.550699
1085.551769
1085.554778
1085.554797
1085.558320
1085.559357
1085.561595
1085.563978
1085.566541
1085.566565
1085.569330
1085.571195
1085.573455
1085.575066
1085.577388
1085.580623
1085.581667
1085.582890
1085.584970
1085.587078
1085.589689
1085.590928
1085.594704
1085.594731
1085.598659
1085.598687
1085.601707
1085.603009
1085.604813
1085.609408
1085.609427
1085.610583
1085.615077
1085.615104
1085.616507
1085.619425
1085.620597
1085.624145
1085.625808
1085.628826
1085.630035
1085.632745
1085.633989
1085.635588
1085.637596
1085.638826
1085.641559
1085.643402
1085.644596
1085.648536
1085.648553
1085.651434
1085.652470
1085.655196
1085.660115
1085.660137
1085.661209
1085.664002
1085.665244
1085.668770
1085.670041
1085.671675
1085.672986
1085.675716
1085.678817
1085.678838
1085.683425
1085.683453
1085.684708
1085.687384
1085.689707
1085.691972
1085.693017
1085.696245
1085.696266
1085.699207
1085.702070
1085.703976
1085.706350
1085.707962
1085.709030
1085.712028
1085.714976
1085.715001
1085.718576
1085.719743
1085.721470
1085.722729
1085.725646
1085.727414
1085.728666
1085.731479
1085.732571
1085.735347
1085.736449
1085.739259
1085.742095
1085.743164
1085.745881
1085.747497
1085.748631
1085.752791
1085.754015
1085.755754
1085.759707
1085.759731
1085.762800
1085.764781
1085.765831
1085.768590
1085.770612
1085.772609
1085.773653
1085.776601
1085.776621
1085.780079
1085.781355
1085.783345
1085.785949
1085.787949
1085.789084
1085.791818
1085.792892
1085.797325
1085.798374
1085.798388
1085.800515
1085.803710
1085.805737
1085.808884
1085.808903
1085.812565
1085.814615
1085.816474
1085.819479
1085.820430
1085.822066
1085.823623
1085.828188
1085.828213
1085.829920
1085.833034
1085.833054
1085.835297
1085.836376
1085.838795
1085.845122
1085.845145
1085.846678
1085.846705
1085.850663
1085.852644
1085.853794
1085.855475
1085.856723
1085.860384
1085.862411
1085.864015
1085.865503
1085.868153
1085.869920
1085.872247
1085.873784
1085.875089
1085.877714
1085.879408
1085.880551
1085.883597
1085.884726
1085.887751
1085.889679
1085.895590
1085.895609
1085.895615
1085.898414
1085.900425
1085.902327
1085.903506
1085.904629
1085.906653
1085.910456
1085.911595
1085.914115
1085.917810
1085.919745
1085.919767
1085.920898
1085.924779
1085.926717
1085.927978
1085.931684
1085.931704
1085.934566
1085.936548
1085.937607
1085.939515
1085.945577
1085.945594
1085.945602
1085.948328
1085.949810
1085.951562
1085.953940
1085.955712
1085.957994
1085.961777
1085.963672
1085.964720
1085.964734
1085.968555
1085.969602
1085.971500
1085.974380
1085.976050
1085.977354
1085.979006
1085.980432
1085.983179
1085.985830
1085.987539
1085.988671
1085.991718
1085.995784
1085.996844
1085.996864
1086.000732
1086.002762
1086.003772
1086.005570
1086.007442
1086.008605
1086.013552
1086.013574
1086.014733
1086.017740
1086.019849
1086.020953
1086.023870
1086.025412
1086.028796
1086.029873
1086.031804
1086.033708
1086.036866
1086.038792
1086.039842
1086.041730
1086.044851
1086.044870
1086.048547
1086.049818
1086.052555
1086.054451
1086.055698
1086.056734
1086.059656
1086.061949
1086.064106
1086.065797
1086.068942
1086.070789
1086.071863
1086.074853
1086.076686
1086.078559
1086.079857
1086.081441
1086.083630
1086.084691
1086.088271
1086.089558
1086.091195
1086.092461
1086.095136
1086.098019
1086.100209
1086.103123
1086.104200
1086.105962
1086.107921
1086.108990
1086.112037
1086.114786
1086.114814
1086.119641
1086.119660
1086.122045
1086.125257
1086.125269
1086.127974
1086.130362
1086.130389
1086.132559
1086.135323
1086.138086
1086.139495
1086.140615
1086.143138
1086.144406
1086.147964
1086.150970
1086.150992
1086.153928
1086.157640
1086.157661
1086.158860
1086.161298
1086.162385
1086.164928
1086.168364
1086.169407
1086.172302
1086.173370
1086.176364
1086.178150
1086.180460
1086.180478
1086.183677
1086.186026
1086.188962
1086.190900
1086.191906
1086.193770
1086.195724
1086.198596
1086.199672
1086.201509
1086.204450
1086.207387
1086.207412
1086.208650
1086.211392
1086.212484
1086.215262
1086.218114
1086.219289
1086.220383
1086.223469
1086.225963
1086.227945
1086.229458
1086.230597
1086.232688
1086.234771
1086.237002
1086.239646
1086.242605
1086.242633
1086.246652
1086.246676
1086.249572
1086.251262
1086.253596
1086.256332
1086.256352
1086.258461
1086.261630
1086.263055
1086.266934
1086.268861
1086.271746
1086.271770
1086.274097
1086.275680
1086.278837
1086.278860
1086.281655
1086.283473
1086.284746
1086.287411
1086.289781
1086.292508
1086.292526
1086.295164
1086.296398
1086.299440
1086.300563
1086.303572
1086.305766
1086.306896
1086.309109
1086.311518
1086.312616
1086.315305
1086.316369
1086.319591
1086.320768
1086.323455
1086.324712
1086.327434
1086.328663
1086.331523
1086.332577
1086.335410
1086.336699
1086.340000
1086.341661
1086.342804
1086.344842
1086.349358
1086.350802
1086.350828
1086.352652
1086.355003
1086.357791
1086.358937
1086.361332
1086.362424
1086.368384
1086.368400
1086.369686
1086.371307
1086.376312
1086.377345
1086.377356
1086.378666
1086.381321
1086.382622
1086.385471
1086.386634
1086.388923
1086.390878
1086.393823
1086.398454
1086.400670
1086.400690
1086.400696
1086.403481
1086.404718
1086.406901
1086.409405
1086.414079
1086.414093
1086.415182
1086.418719
1086.418737
1086.420791
1086.424125
1086.427935
1086.427954
1086.429009
1086.433110
1086.433130
1086.435911
1086.437724
1086.438866
1086.441784
1086.443505
1086.444728
1086.449404
1086.450523
1086.450538
1086.452506
1086.455252
1086.456425
1086.459494
1086.460632
1086.463690
1086.465304
1086.468988
1086.469016
1086.471811
1086.474147
1086.478767
1086.478812
1086.478819
1086.483520
1086.483545
1086.485880
1086.487475
1086.488684
1086.491543
1086.492639
1086.495216
1086.501218
1086.501246
1086.501253
1086.503049
1086.504597
1086.506455
1086.510877
1086.511980
1086.514868
1086.516843
1086.518692
1086.519756
1086.521656
1086.524626
1086.525678
1086.527523
1086.528696
1086.531568
1086.532662
1086.535438
1086.536528
1086.539285
1086.541387
1086.543125
1086.544567
1086.546415
1086.549052
1086.551941
1086.553090
1086.555555
1086.556663
1086.558713
1086.562599
1086.563666
1086.565603
1086.568433
1086.569673
1086.571342
1086.572593
1086.575668
1086.576809
1086.579298
1086.582204
1086.582227
1086.586041
1086.588047
1086.590921
1086.592048
1086.593834
1086.596233
1086.597697
1086.598863
1086.601798
1086.603548
1086.605830
1086.607158
1086.609494
1086.611651
1086.614387
1086.615894
1086.619302
1086.620390
1086.620402
1086.623100
1086.625512
1086.626678
1086.629629
1086.632019
1086.633136
1086.635904
1086.637773
1086.641770
1086.641797
1086.643563
1086.645994
1086.647624
1086.648691
1086.651747
1086.653324
1086.655629
1086.657262
1086.660290
1086.661468
1086.663854
1086.665911
1086.667653
1086.671098
1086.671127
1086.672378
1086.675412
1086.676546
1086.679833
1086.680937
1086.684913
1086.684932
1086.688186
1086.689454
1086.691528
1086.692759
1086.695409
1086.696654
1086.699311
1086.702169
1086.703237
1086.704502
1086.708110
1086.710959
1086.712029
1086.713309
1086.716013
1086.717751
1086.721449
1086.721467
1086.722682
1086.726377
1086.727439
1086.728652
1086.731416
1086.733640
1086.736449
1086.737570
1086.740433
1086.741562
1086.743180
1086.745399
1086.747681
1086.750033
1086.751102
1086.753984
1086.755892
1086.758703
1086.759744
1086.761965
1086.763267
1086.764446
1086.766595
1086.769564
1086.772203
1086.773355
1086.774435
1086.777584
1086.779216
1086.780467
1086.783299
1086.784353
1086.787941
1086.791239
1086.791259
1086.792436
1086.795463
1086.796574
1086.800161
1086.801681
1086.804111
1086.805581
1086.807550
1086.809911
1086.811444
1086.812619
1086.815405
1086.816545
1086.819249
1086.821622
1086.824330
1086.824347
1086.828122
1086.829191
1086.831026
1086.832520
1086.835885
1086.837852
1086.839121
1086.841824
1086.843652
1086.846038
1086.847579
1086.849595
1086.850751
1086.853711
1086.855360
1086.856616
1086.860340
1086.860361
1086.863178
1086.864425
1086.866863
1086.868757
1086.871154
1086.873957
1086.875027
1086.877890
1086.879283
1086.880421
1086.882537
1086.884708
1086.886844
1086.889671
1086.890923
1086.894450
1086.895577
1086.896816
1086.899432
1086.900693
1086.903448
1086.904540
1086.908154
1086.909228
1086.911043
1086.912508
1086.915183
1086.916382
1086.918913
1086.921818
1086.923685
1086.924984
1086.928601
1086.929761
1086.930819
1086.933589
1086.934770
1086.938013
1086.939566
1086.941432
1086.944339
1086.945401
1086.946802
1086.949347
1086.950548
1086.954076
1086.955148
1086.957911
1086.959273
1086.960487
1086.963084
1086.965017
1086.966829
1086.969969
1086.971703
1086.973740
1086.975770
1086.978638
1086.980761
1086.982549
1086.983720
1086.985600
1086.987937
1086.990188
1086.991660
1086.994040
1086.995272
1086.996355
1087.000363
1087.000383
1087.005039
1087.005057
1087.008733
1087.010056
1087.011704
1087.013733
1087.016817
1087.018793
1087.020701
1087.022607
1087.023655
1087.025582
1087.028487
1087.030403
1087.032098
1087.033368
1087.035371
1087.037943
1087.039267
1087.040494
1087.043139
1087.045839
1087.047811
1087.049705
1087.051832
1087.052882
1087.056810
1087.058092
1087.059279
1087.060361
1087.062485
1087.066259
1087.067610
1087.070166
1087.071634
1087.073474
1087.074990
1087.076682
1087.080304
1087.081917
1087.085767
1087.085790
1087.087712
1087.088936
1087.091851
1087.093608
1087.095130
1087.096932
1087.098458
1087.103458
1087.103488
1087.106378
1087.108291
1087.111115
1087.111136
1087.112362
1087.115349
1087.117889
1087.120412
1087.121883
1087.124167
1087.125741
1087.127806
1087.130751
1087.131811
1087.133547
1087.134766
1087.137534
1087.138788
1087.141643
1087.143325
1087.145655
1087.147489
1087.148569
1087.151281
1087.154064
1087.156270
1087.157999
1087.159486
1087.160630
1087.163157
1087.167778
1087.168853
1087.168880
1087.171872
1087.173560
1087.174887
1087.177712
1087.179542
1087.181678
1087.183481
1087.184569
1087.188344
1087.189405
1087.192381
1087.192400
1087.195044
1087.199041
1087.199061
1087.201223
1087.203572
1087.204656
1087.207424
1087.209733
1087.210845
1087.213856
1087.215534
1087.217544
1087.218812
1087.221663
1087.224566
1087.228351
1087.229390
1087.231272
1087.232307
1087.235142
1087.236232
1087.239418
1087.239437
1087.243182
1087.244354
1087.245788
1087.248998
1087.250724
1087.253836
1087.255714
1087.258809
1087.258829
1087.260813
1087.262684
1087.264640
1087.267478
1087.268508
1087.270564
1087.272475
1087.275440
1087.275460
1087.278277
1087.281261
1087.282949
1087.285872
1087.287876
1087.288926
1087.290829
1087.293712
1087.294985
1087.296770
1087.299796
1087.299815
1087.303649
1087.304827
1087.308632
1087.308657
1087.309897
1087.312000
1087.314073
1087.316816
1087.319994
1087.320018
1087.321575
1087.325822
1087.325842
1087.327422
1087.330078
1087.332797
1087.334758
1087.337934
1087.339777
1087.340826
1087.342750
1087.346581
1087.346608
1087.351483
1087.351512
1087.352764
1087.356183
1087.358313
1087.358337
1087.359586
1087.366459
1087.368087
1087.368112
1087.369673
1087.369685
1087.371471
1087.380867
1087.380886
1087.380892
1087.380898
1087.383169
1087.384253
1087.386516
1087.388605
1087.392218
1087.392243
1087.398572
1087.398591
1087.398598
1087.401194
1087.402930
1087.407122
1087.407139
1087.408388
1087.409812
1087.412264
1087.418163
1087.418182
1087.418190
1087.420411
1087.421506
1087.430485
1087.430504
1087.430510
1087.430516
1087.433378
1087.435150
1087.436194
1087.438554
1087.441615
1087.441632
1087.444166
1087.449007
1087.449025
1087.451698
1087.452893
1087.454673
1087.457563
1087.458862
1087.460207
1087.461460
1087.468345
1087.468365
1087.468372
1087.471264
1087.472309
1087.481141
1087.481168
1087.481175
1087.481180
1087.482931
1087.485265
1087.486682
1087.487823
1087.489810
1087.492741
1087.494031
1087.498788
1087.498803
1087.499889
1087.502692
1087.503764
1087.506991
1087.508270
1087.509404
1087.512362
1087.513548
1087.516274
1087.518256
1087.519322
1087.522407
1087.524018
1087.525599
1087.528567
1087.531384
1087.532513
1087.533689
1087.536654
1087.537901
1087.540655
1087.541763
1087.544584
1087.547484
1087.548506
1087.549640
1087.552380
1087.553523
1087.556465
1087.559138
1087.560184
1087.563008
1087.564115
1087.566874
1087.570047
1087.570068
1087.572962
1087.574031
1087.577588
1087.578851
1087.580565
1087.583519
1087.584592
1087.587438
1087.588517
1087.591330
1087.592394
1087.595173
1087.596426
1087.599198
1087.599219
1087.602597
1087.603995
1087.607871
1087.607890
1087.610005
1087.612915
1087.613990
1087.617669
1087.618745
1087.620606
1087.623095
1087.624146
1087.627038
1087.628274
1087.629404
1087.633883
1087.634986
1087.636069
1087.639232
1087.640466
1087.643097
1087.644343
1087.647878
1087.649062
1087.650803
1087.653790
1087.654861
1087.656761
1087.658660
1087.661527
1087.662795
1087.664548
1087.667411
1087.668635
1087.669827
1087.672454
1087.673595
1087.676404
1087.679192
1087.679211
1087.682041
1087.684317
1087.685991
1087.690862
1087.690886
1087.693083
1087.695819
1087.697659
1087.698909
1087.700596
1087.701843
1087.704642
1087.705763
1087.708557
1087.709677
1087.712465
1087.713606
1087.716371
1087.719270
1087.720395
1087.723070
1087.724115
1087.726550
1087.727941
1087.730307
1087.731884
1087.735820
1087.737705
1087.738978
1087.740770
1087.742185
1087.745396
1087.745410
1087.748598
1087.749773
1087.753051
1087.754241
1087.755372
1087.759181
1087.760262
1087.763123
1087.764177
1087.766665
1087.769061
1087.770130
1087.772936
1087.774007
1087.777753
1087.778826
1087.781867
1087.781888
1087.784630
1087.787464
1087.788668
1087.789744
1087.792481
1087.793613
1087.796473
1087.799193
1087.799215
1087.803061
1087.805466
1087.805488
1087.809085
1087.811893
1087.813029
1087.814751
1087.817792
1087.818860
1087.821844
1087.821864
1087.824588
1087.827550
1087.829750
1087.831738
1087.832783
1087.836605
1087.837627
1087.839554
1087.840651
1087.844101
1087.844126
1087.846785
1087.848301
1087.850640
1087.853035
1087.854410
1087.855544
1087.858019
1087.862713
1087.862737
1087.864781
1087.866744
1087.869753
1087.871731
1087.872778
1087.874651
1087.878557
1087.879600
1087.881468
1087.883416
1087.886312
1087.886338
1087.890027
1087.891073
1087.894822
1087.894847
1087.896519
1087.898077
1087.900829
1087.902799
1087.903960
1087.907820
1087.908860
1087.912707
1087.913959
1087.913972
1087.917422
1087.919500
1087.920765
1087.924445
1087.924470
1087.926318
1087.930284
1087.932048
1087.933120
1087.934990
1087.936051
1087.939817
1087.940917
1087.941976
1087.944919
1087.948739
1087.948764
1087.951825
1087.953734
1087.955697
1087.956873
1087.958973
1087.962911
1087.962924
1087.964174
1087.966757
1087.968552
1087.971979
1087.973545
1087.973557
1087.976320
1087.978128
1087.979843
1087.984040
1087.985785
1087.987747
1087.988950
1087.992776
1087.992799
1087.995727
1087.995746
1087.999543
1088.000768
1088.002855
1088.006416
1088.007471
1088.008655
1088.010252
1088.013951
1088.013974
1088.016429
1088.019754
1088.021390
1088.021405
1088.023958
1088.027773
1088.028819
1088.032772
1088.032797
1088.035126
1088.037639
1088.039557
1088.042525
1088.042548
1088.045756
1088.045776
1088.048800
1088.051043
1088.053219
1088.056920
1088.058828
1088.058852
1088.060095
1088.064325
1088.064346
1088.066635
1088.067721
1088.069863
1088.073666
1088.073686
1088.076576
1088.079293
1088.081634
1088.081657
1088.084259
1088.086777
1088.090068
1088.091363
1088.091385
1088.093963
1088.095563
1088.099106
1088.100330
1088.101774
1088.103399
1088.105661
1088.109599
1088.110665
1088.113584
1088.114649
1088.117727
1088.117752
1088.120486
1088.123589
1088.123607
1088.126464
1088.129230
1088.131066
1088.132119
1088.134967
1088.136038
1088.138832
1088.141885
1088.142950
1088.144041
1088.147759
1088.148749
1088.149892
1088.153508
1088.154594
1088.156514
1088.159346
1088.160578
1088.163367
1088.164424
1088.166163
1088.168250
1088.171092
1088.173358
1088.173373
1088.176425
1088.177601
1088.180955
1088.182787
1088.185813
1088.187784
1088.188855
1088.190656
1088.193522
1088.194610
1088.197468
1088.198712
1088.200392
1088.203253
1088.204444
1088.205620
1088.209315
1088.211111
1088.212204
1088.215039
1088.216135
1088.218868
1088.222073
1088.223778
1088.224825
1088.228041
1088.229774
1088.231782
1088.232832
1088.236848
1088.237902
1088.239703
1088.241671
1088.243572
1088.244717
1088.248489
1088.249533
1088.249545
1088.252573
1088.255985
1088.256012
1088.257595
1088.262170
1088.262320
1088.263853
1088.265515
1088.270718
1088.270742
1088.272797
1088.275788
1088.277759
1088.279648
1088.280833
1088.283042
1088.284146
1088.288299
1088.289367
1088.291408
1088.292590
1088.295999
1088.296026
1088.299414
1088.299434
1088.302980
1088.307763
1088.307783
1088.308815
1088.309999
1088.315750
1088.315770
1088.316818
1088.320679
1088.320714
1088.322047
1088.324461
1088.326925
1088.328724
1088.331271
1088.332491
1088.334094
1088.336368
1088.338041
1088.340396
1088.342994
1088.347730
1088.347755
1088.350654
1088.350679
1088.352903
1088.354608
1088.357803
1088.359067
1088.360099
1088.362296
1088.366986
1088.368093
1088.368106
1088.370706
1088.372114
1088.380230
1088.380245
1088.380251
1088.380257
1088.381293
1088.383546
1088.386717
1088.387968
1088.390465
1088.392574
1088.393664
1088.398491
1088.401398
1088.401417
1088.402474
1088.404315
1088.407409
1088.408775
1088.410702
1088.414644
1088.415686
1088.417832
1088.417844
1088.421088
1088.422517
1088.430340
1088.430377
1088.431615
1088.431639
1088.431645
1088.433800
1088.436640
1088.437737
1088.440594
1088.441770
1088.443730
1088.446481
1088.449578
1088.451122
1088.452349
1088.453988
1088.455447
1088.459067
1088.460173
1088.463392
1088.463414
1088.467704
1088.467725
1088.471610
1088.472905
1088.481410
1088.482487
1088.482531
1088.482537
1088.482546
1088.484333
1088.487275
1088.488343
1088.491186
1088.491207
1088.493512
1088.496524
1088.499439
1088.499452
1088.502740
1088.503831
1088.506002
1088.507776
1088.509372
1088.511930
1088.514671
1088.516574
1088.518482
1088.520543
1088.523379
1088.524431
1088.525706
1088.528437
1088.529579
1088.532323
1088.533463
1088.537252
1088.539046
1088.541221
1088.542946
1088.544129
1088.548895
1088.548920
1088.550668
1088.552978
1088.554577
1088.556897
1088.557989
1088.560485
1088.561574
1088.565372
1088.566452
1088.568361
1088.570202
1088.572522
1088.575167
1088.576213
1088.579146
1088.580238
1088.582998
1088.584259
1088.587782
1088.589025
1088.590695
1088.593738
1088.594816
1088.597815
1088.599630
1088.600642
1088.601833
1088.604547
1088.605615
1088.609945
1088.611016
1088.612096
1088.614468
1088.618075
1088.618100
1088.620063
1088.621304
1088.626155
1088.626179
1088.628538
1088.631711
1088.632982
1088.634719
1088.637733
1088.639842
1088.640886
1088.644770
1088.645816
1088.649593
1088.649614
1088.651560
1088.652597
1088.656411
1088.656438
1088.658446
1088.661138
1088.662207
1088.665257
1088.668821
1088.668845
1088.671813
1088.672853
1088.674027
1088.678828
1088.678847
1088.682768
1088.684756
1088.684782
1088.686632
1088.689572
1088.691644
1088.693552
1088.696537
1088.696560
1088.700098
1088.701168
1088.703060
1088.705923
1088.705947
1088.707397
1088.711736
1088.713019
1088.715355
1088.715370
1088.717590
1088.720373
1088.722693
1088.724725
1088.728714
1088.729760
1088.729773
1088.734467
1088.734491
1088.736482
1088.739346
1088.740595
1088.744044
1088.745110
1088.746838
1088.749939
1088.752287
1088.753768
1088.753792
1088.755455
1088.757933
1088.759729
1088.763757
1088.765769
1088.767749
1088.768795
1088.772551
1088.772577
1088.774519
1088.779480
1088.779498
1088.779504
1088.784003
1088.784030
1088.785587
1088.787368
1088.791124
1088.793775
1088.795060
1088.796274
1088.797743
1088.799378
1088.803647
1088.803666
1088.806697
1088.808744
1088.810588
1088.813644
1088.815505
1088.816747
1088.820102
1088.821327
1088.821351
1088.824611
1088.825757
1088.830177
1088.830198
1088.833432
1088.833451
1088.837800
1088.839754
1088.841703
1088.842864
1088.844749
1088.848764
1088.848784
1088.849914
1088.853568
1088.855544
1088.856602
1088.858532
1088.860382
1088.862103
1088.864482
1088.868201
1088.869918
1088.869940
1088.871505
1088.874081
1088.875742
1088.881759
1088.881780
1088.883756
1088.884801
1088.886727
1088.890699
1088.891744
1088.893618
1088.895566
1088.896834
1088.898465
1088.900418
1088.903275
1088.904390
1088.908556
1088.908576
1088.910183
1088.911360
1088.915081
1088.917779
1088.917802
1088.919398
1088.922891
1088.924778
1088.926783
1088.929828
1088.930941
1088.933061
1088.935906
1088.935920
1088.940426
1088.942437
1088.943426
1088.944533
1088.948282
1088.948304
1088.949905
1088.952414
1088.955758
1088.961668
1088.961685
1088.961691
1088.961696
1088.966046
1088.968018
1088.969957
1088.971921
1088.973867
1088.975790
1088.979703
1088.979721
1088.981664
1088.982798
1088.985922
1088.985952
1088.989015
1088.990134
1088.991901
1088.995937
1088.999060
1088.999079
1089.000190
1089.002919
1089.005803
1089.005825
1089.012478
1089.012498
1089.012504
1089.013750
1089.016353
1089.019184
1089.020434
1089.023079
1089.024500
1089.026396
1089.029889
1089.031177
1089.032317
1089.033857
1089.036507
1089.038741
1089.039804
1089.042226
1089.044193
1089.045518
1089.048293
1089.049438
1089.053349
1089.053369
1089.055971
1089.062265
1089.062284
1089.062289
1089.064085
1089.066716
1089.069133
1089.070556
1089.072944
1089.076373
1089.076391
1089.078893
1089.081616
1089.082872
1089.084565
1089.087594
1089.088624
1089.089831
1089.092475
1089.093705
1089.096426
1089.100288
1089.100308
1089.101519
1089.104206
1089.105378
1089.108418
1089.110002
1089.113842
1089.113869
1089.117783
1089.117806
1089.120358
1089.121751
1089.123552
1089.127618
1089.129463
1089.130747
1089.133665
1089.133687
1089.136487
1089.139278
1089.140325
1089.143192
1089.144239
1089.146643
1089.147753
1089.150882
1089.151999
1089.154170
1089.155869
1089.158907
1089.160176
1089.162793
1089.164648
1089.165903
1089.169581
1089.170655
1089.172545
1089.173684
1089.176466
1089.179256
1089.180449
1089.184219
1089.184240
1089.187066
1089.188324
1089.190955
1089.194003
1089.195180
1089.196363
1089.197802
1089.201788
1089.201809
1089.205868
1089.205892
1089.209541
1089.210618
1089.212535
1089.213723
1089.216478
1089.219319
1089.220470
1089.222183
1089.223439
1089.226512
1089.229160
1089.231098
1089.232246
1089.235041
1089.236292
1089.238907
1089.241794
1089.242864
1089.245788
1089.247728
1089.248723
1089.249936
1089.252561
1089.253740
1089.256215
1089.258408
1089.260485
1089.262550
1089.264457
1089.267637
1089.269300
1089.271062
1089.272163
1089.273658
1089.276305
1089.277826
1089.280306
1089.281728
1089.285756
1089.287775
1089.289787
1089.291753
1089.292884
1089.294686
1089.298673
1089.299713
1089.299727
1089.303521
1089.304573
1089.306454
1089.310078
1089.311375
1089.312467
1089.314302
1089.317526
1089.317546
1089.320256
1089.321736
1089.323424
1089.327773
1089.329713
1089.331845
1089.332860
1089.334743
1089.337828
1089.339580
1089.341667
1089.343576
1089.344587
1089.346426
1089.350312
1089.350336
1089.353351
1089.354966
1089.357135
1089.358514
1089.359552
1089.362737
1089.366511
1089.367551
1089.367565
1089.376044
1089.376063
1089.377444
1089.377453
1089.378480
1089.380972
1089.383066
1089.384273
1089.387388
1089.388645
1089.391195
1089.392469
1089.398233
1089.398252
1089.399306
1089.399319
1089.403658
1089.404918
1089.406206
1089.409147
1089.410602
1089.413626
1089.414664
1089.418083
1089.418100
1089.419313
1089.421395
